Ficheiro de origem: variaveis_pid_smooth.npz
Variáveis: ['Kp', 'Ki', 'Kd', 'Ts', 'setpoint', 'duration', 'e_prev1', 'e_prev2', 'u_prev', 'u_list', 'y_list', 't0', 'n', 'offset', 'k', 'y', 'e', 'u', 't']

=== Kp ===
shape=()  dtype=float64
min=13.61609700  max=13.61609700  mean=13.61609700
valores:
13.61609700

=== Ki ===
shape=()  dtype=float64
min=48.29709200  max=48.29709200  mean=48.29709200
valores:
48.29709200

=== Kd ===
shape=()  dtype=float64
min=0.95967500  max=0.95967500  mean=0.95967500
valores:
0.95967500

=== Ts ===
shape=()  dtype=float64
min=0.10000000  max=0.10000000  mean=0.10000000
valores:
0.10000000

=== setpoint ===
shape=()  dtype=float64
min=0.20000000  max=0.20000000  mean=0.20000000
valores:
0.20000000

=== duration ===
shape=()  dtype=float64
min=120.00000000  max=120.00000000  mean=120.00000000
valores:
120.00000000

=== e_prev1 ===
shape=()  dtype=float64
min=0.00659300  max=0.00659300  mean=0.00659300
valores:
0.00659300

=== e_prev2 ===
shape=()  dtype=float64
min=0.00268600  max=0.00268600  mean=0.00268600
valores:
0.00268600

=== u_prev ===
shape=()  dtype=float64
min=0.72969563  max=0.72969563  mean=0.72969563
valores:
0.72969563

=== u_list ===
shape=(1200,)  dtype=float64
min=0.00000000  max=1.00000000  mean=0.56053337
valores:
1.00000000
0.19166536
0.81530688
1.00000000
1.00000000
1.00000000
1.00000000
1.00000000
1.00000000
0.84229511
0.81693002
0.60900444
0.59698669
0.48367302
0.49539720
0.68870969
0.51083371
0.78213878
1.00000000
0.74858211
0.81500429
0.55207516
0.99972972
0.75885032
0.56877999
0.87004642
0.89252826
0.46249121
0.74127518
0.51010862
0.66430782
0.51016525
0.66288805
0.84365950
0.81857784
0.91778281
0.80193589
0.59979184
0.59520428
0.58673604
0.53920336
0.54288473
0.60493926
0.63740046
0.78334595
0.70424296
0.93158365
0.82482928
0.72956516
0.71074112
0.53735955
0.58514511
0.47932303
0.49114075
0.60516243
0.59658171
0.73469357
0.85581003
0.89725726
0.88158674
0.81769056
0.63585105
0.43025225
0.32880856
0.29027674
0.45056348
0.48526995
0.69728385
0.86624655
0.93212394
0.96159552
0.84977902
0.81237251
0.74938430
0.41835491
0.32230722
0.34632265
0.49803258
0.50145741
0.61763467
0.88029124
0.83588064
0.89730319
0.74706118
0.85818807
0.58960714
0.38084263
0.27075347
0.35147498
0.33002156
0.38296372
0.58666242
0.73165510
0.89366857
0.98346280
1.00000000
0.78267140
0.82889304
0.47377825
0.31369032
0.22459929
0.22746157
0.28254555
0.48059071
0.68220713
0.86729853
1.00000000
1.00000000
0.51811221
0.62709672
0.52609766
0.31819755
0.39904845
0.07020731
0.32337182
0.41632349
0.75750390
0.95954006
1.00000000
1.00000000
0.49147819
0.49518404
0.04039212
0.16970045
0.11439974
0.23401118
0.49398496
0.68441144
0.97407720
1.00000000
1.00000000
0.88445470
0.68208651
0.39638650
0.32849270
0.14443994
0.18399212
0.33134124
0.46111727
0.62984998
0.83250446
0.94152363
0.98793100
0.82227203
0.65968533
0.41113759
0.18837457
0.09371655
0.04288807
0.20263140
0.38393411
0.64502103
0.85096132
1.00000000
0.96845764
0.84668234
0.67246568
0.43332232
0.18444208
0.07096681
0.06077997
0.19747780
0.40729791
0.67508570
0.83840688
0.99954135
0.97611045
0.94148998
0.69185252
0.42298577
0.24869628
0.04925342
0.05305983
0.19908470
0.43355313
0.65713831
0.89005094
1.00000000
1.00000000
0.82150525
0.85454227
0.29961637
0.00000000
0.29086905
0.00000000
0.30502727
0.19339570
0.64928081
0.70031237
0.98405933
0.94465937
1.00000000
0.48116941
0.33689467
0.19628086
0.00000000
0.15165099
0.22553648
0.44636206
0.69695326
0.96318375
0.96759949
0.92841517
0.81699234
0.59493761
0.29852222
0.11239419
0.00000000
0.10353100
0.30600257
0.49098011
0.71465772
0.88818515
0.97578357
0.92331891
0.74851668
0.45946822
0.22038211
0.14059845
0.08746205
0.04498356
0.30069861
0.49436582
0.76817395
0.95001107
1.00000000
0.95621467
0.72752403
0.46269779
0.21462542
0.20718253
0.00000000
0.22606829
0.21328491
0.40519670
0.78676692
0.78795274
0.91922230
0.77243238
0.83372172
0.60706710
0.41130337
0.42099257
0.27157579
0.24838554
0.29685558
0.40538635
0.53960051
0.75028207
0.84119444
0.82416824
0.87580310
0.61055267
0.52083183
0.29442946
0.18274627
0.14768535
0.24768189
0.45632417
0.58051001
0.88444529
1.00000000
0.76788167
0.69205220
0.59321151
0.58214997
0.01680752
0.18717856
0.22104421
0.58842381
0.76947364
0.83229335
0.97641726
1.00000000
0.68920218
0.43332660
0.31623262
0.00000000
0.21280962
0.20443552
0.44344217
0.58517281
0.78582412
0.88971962
0.88800211
0.87363374
0.63259023
0.56279203
0.30668348
0.20829337
0.18220911
0.20986488
0.41373040
0.61723267
0.91455259
0.93922042
0.97118727
0.95334800
0.72877134
0.53698670
0.26470505
0.12897360
0.20913924
0.23289026
0.37657249
0.52171689
0.71956818
0.90160662
1.00000000
0.96979172
0.82201978
0.56709316
0.33790823
0.21203939
0.10805542
0.16290261
0.25868902
0.49639855
0.67270785
0.79452189
0.92462748
0.94170313
0.82800406
0.66390537
0.48421945
0.22207936
0.18847770
0.24886588
0.33257133
0.48540091
0.64246477
0.75316469
0.85070532
0.81015285
0.71621533
0.75111572
0.31465074
0.38288700
0.37657303
0.35594260
0.36232105
0.42829437
0.61408982
0.69847794
0.67461882
0.84192008
0.82864453
0.78709871
0.49975168
0.47945903
0.31796192
0.24898921
0.31735415
0.45516593
0.56786362
0.63460948
0.76243815
0.73863852
0.71466413
0.69801883
0.58506348
0.43588884
0.42850787
0.24436418
0.32954790
0.44625136
0.37664969
0.62732911
0.67576841
0.80639926
0.86435203
0.74824145
0.60015303
0.54835805
0.37993908
0.16632179
0.22118329
0.31033526
0.47170890
0.63929355
0.78443030
0.87771072
0.82313269
0.81484933
0.60775056
0.47613002
0.32281099
0.26438297
0.26034133
0.36362906
0.46170769
0.59872423
0.69565235
0.86152729
1.00000000
0.89703282
0.79213485
0.45659511
0.28751367
0.12254479
0.12916886
0.28270973
0.39713633
0.55292683
0.84900533
0.86265068
0.87148022
0.93059015
0.68066903
0.56398408
0.46159212
0.23352409
0.00285123
0.09547484
0.09302425
0.38799726
0.69098017
0.84775004
1.00000000
0.97715455
0.87848617
0.70241907
0.49971663
0.32915075
0.14429482
0.07743336
0.23555839
0.35029997
0.60461409
0.71145978
0.97643674
0.96317717
0.94150286
0.78621320
0.42560287
0.23724752
0.07258309
0.00000000
0.15056311
0.38454494
0.62954383
0.78656746
1.00000000
0.98209418
0.90019151
0.74833245
0.43301329
0.22983254
0.03034704
0.01260942
0.04711777
0.30053169
0.55605119
0.84291568
1.00000000
1.00000000
0.93862876
0.72477862
0.44233043
0.24039722
0.07613327
0.04558395
0.10906069
0.22563475
0.48843344
0.76578416
0.99929908
1.00000000
0.91053610
0.82029149
0.56427099
0.31247379
0.17135829
0.14909111
0.25253843
0.34847787
0.58473744
0.65787359
0.86054727
0.99027839
0.93739579
0.99023553
0.76997968
0.18081011
0.00000000
0.00000000
0.53535901
0.28218199
0.52237100
0.40829111
0.77867981
0.70688852
0.80423674
0.75416481
0.63038583
0.51141660
0.41258753
0.24325679
0.29316121
0.30339703
0.40839090
0.54963948
0.60386392
0.79271509
0.82727351
0.85118708
0.64228163
0.53818657
0.33842628
0.26750235
0.15942959
0.33840258
0.44974235
0.66069214
0.76793546
0.84826185
0.77485761
0.80056318
0.64469623
0.52177434
0.32941179
0.35587414
0.22092277
0.30885426
0.41776693
0.57467775
0.74941048
0.85086204
0.98908888
1.00000000
0.73178587
0.50094069
0.34205152
0.12355205
0.08518767
0.18034560
0.31964214
0.60754032
0.80204978
0.89703002
1.00000000
0.84344491
0.77133792
0.34109194
0.25632266
0.12263405
0.13208050
0.37209003
0.37835426
0.62761287
0.65741031
0.84166611
0.89665672
0.92298117
0.70907011
0.53495354
0.30345127
0.20970346
0.15000128
0.28749169
0.27556672
0.59462249
0.63025670
1.00000000
0.82375170
0.90012811
0.66898505
0.50543806
0.32907743
0.11726700
0.30583479
0.33563591
0.38989098
0.71808432
0.79840791
0.75557902
0.85882494
0.67225221
0.53967534
0.37397326
0.29292022
0.20286895
0.31891830
0.41377173
0.54564429
0.73756637
0.78814484
0.86960920
0.73553112
0.70553541
0.49239377
0.33560693
0.21812900
0.21869642
0.24331370
0.39479496
0.62290041
0.76885871
0.87660782
0.87486450
0.88706892
0.71057540
0.58419047
0.38912850
0.28454665
0.16115245
0.18516175
0.27510241
0.45921362
0.72462044
0.87697219
0.99271316
0.92379714
0.82801073
0.59657998
0.33145601
0.07067142
0.00000000
0.03633360
0.21884948
0.41198917
0.65480798
0.93041468
1.00000000
1.00000000
0.83176505
0.64937633
0.35901718
0.20156095
0.00835615
0.00711273
0.10778521
0.41022463
0.65383131
0.85199938
1.00000000
1.00000000
0.91864032
0.79862334
0.43530827
0.27322820
0.09296845
0.11835732
0.17995087
0.39985175
0.65072976
0.87110790
1.00000000
0.78444279
0.69269733
0.54699789
0.47254228
0.35257121
0.46600063
0.28865952
0.46509653
0.26249553
0.64280236
0.76833806
0.78605517
0.83693304
1.00000000
0.52771962
0.55911927
0.26867276
0.26960629
0.23584318
0.33753515
0.40076688
0.56899833
0.69838827
0.83026623
0.79524342
0.84332281
0.64726447
0.57522371
0.39391497
0.28940964
0.23411365
0.31579922
0.37386444
0.54279276
0.68074360
0.87125918
0.90906769
0.84663350
0.69396674
0.50265736
0.35678108
0.16458536
0.20573392
0.35193828
0.30332668
0.57821086
0.79136044
0.75716853
0.97158690
0.84627915
0.79533366
0.52746942
0.43715179
0.22233593
0.21110004
0.05173800
0.24554016
0.33689872
0.67101339
0.82689968
0.95240600
0.92773543
0.81366325
0.63507600
0.37983718
0.27953145
0.21787037
0.15278747
0.29894917
0.65436717
0.58836938
0.74085769
0.79412724
0.77814410
0.71781144
0.61504724
0.36969040
0.41534873
0.24997158
0.24986793
0.28940241
0.52117285
0.59650480
0.66099672
0.84207877
0.71509261
1.00000000
0.63052159
0.70940086
0.18521968
0.33264992
0.20074427
0.12003473
0.24277690
0.46593684
0.65590490
0.66074846
1.00000000
0.89189083
0.97819349
0.50781631
0.25014185
0.27559810
0.13501127
0.28068700
0.37744881
0.61569391
0.75847313
0.93546484
0.96003252
0.80571194
0.70456505
0.48543533
0.18343221
0.06489010
0.02534666
0.19911554
0.41992978
0.64312347
0.86587138
1.00000000
1.00000000
0.84036687
0.63134678
0.39490898
0.24494230
0.16327483
0.16811458
0.29475256
0.49882907
0.71225035
0.84738502
0.99784585
0.90235374
0.81278508
0.58172571
0.36197494
0.13959035
0.29013043
0.20719548
0.46614378
0.52534640
0.67304793
0.85067529
1.00000000
0.87362592
0.69878735
0.52159670
0.34092752
0.20384998
0.21805127
0.31106409
0.46419905
0.65717806
0.87821828
0.91762998
0.93037658
0.75441057
0.55888753
0.33873171
0.12924493
0.07486223
0.16295269
0.41840284
0.57539872
0.82617726
0.97788438
1.00000000
0.96355428
0.79109366
0.55837489
0.30881083
0.20835144
0.10904282
0.16429680
0.29141555
0.51312471
0.80643012
0.95189306
1.00000000
0.92756454
0.75703781
0.52819518
0.39166187
0.17166897
0.12122364
0.30049068
0.05112977
0.61665601
0.91717015
1.00000000
0.88084705
0.93416348
0.57902574
0.47472033
0.40426596
0.04041827
0.31097518
0.32868402
0.23311703
0.64323807
0.67227047
0.97704181
0.93639432
0.90252885
0.74015314
0.57036042
0.30405237
0.19229093
0.21386507
0.24542453
0.41724226
0.62150567
0.76116989
0.85522370
0.91484937
0.88447734
0.71856392
0.56203562
0.38023541
0.22597404
0.17602254
0.32563737
0.35752543
0.61448716
0.71500318
0.90051314
0.94966809
0.97174979
0.73712759
0.51214581
0.27977834
0.15152443
0.23250693
0.30443333
0.39302574
0.62659567
0.82376803
0.93356060
0.72495336
0.90626676
0.60307963
0.46480150
0.22071578
0.28493628
0.27117151
0.35492828
0.61026058
0.67164349
0.95249626
0.83117769
0.82103412
0.70821009
0.52592002
0.32296821
0.36384588
0.14049195
0.27637999
0.43962877
0.54962090
0.52370635
0.96904852
0.88496618
0.91600660
0.71029880
0.76267944
0.44662042
0.27324665
0.22954893
0.11043704
0.25849703
0.39556234
0.49150310
0.92204680
0.96945178
1.00000000
0.57449198
0.57839371
0.31738268
0.44087665
0.38155725
0.45132295
0.50248964
0.40828120
0.46296442
0.69844002
0.75473610
0.83102279
0.72504399
0.81826151
0.76528487
0.41957916
0.46875817
0.21223811
0.45839403
0.33702435
0.75493308
0.55788058
0.57561353
0.94613886
0.66512757
0.70393227
0.61872266
0.54392174
0.49482778
0.35533788
0.46368473
0.47058740
0.55697545
0.58913146
0.73517661
0.64477963
0.70319055
0.66969608
0.67798608
0.58610539
0.57739931
0.46344956
0.42916966
0.40348391
0.45019687
0.56315772
0.61609160
0.70741335
0.68346242
0.66762357
0.58400972
0.54405569
0.45749367
0.43690906
0.39993085
0.41106946
0.52943858
0.67895401
0.70195612
0.69912466
0.69425759
0.66427574
0.55832114
0.47369629
0.39872642
0.47233830
0.43309438
0.43568912
0.48567798
0.65468171
0.73045804
0.74879613
0.71037255
0.61663746
0.51920897
0.43372634
0.50225628
0.40473082
0.54022082
0.58758789
0.57363822
0.65077414
0.57818940
0.62046852
0.59707498
0.56815885
0.54072103
0.52775630
0.52063007
0.55652992
0.52681568
0.53576653
0.59640478
0.57377678
0.65324359
0.66744800
0.70397503
0.66266469
0.60248530
0.53746985
0.44736196
0.38333569
0.45382471
0.45724100
0.56552192
0.59146018
0.61822143
0.70482518
0.71525312
0.78391252
0.66407752
0.44502370
0.45994851
0.40020765
0.39403929
0.44425875
0.60027131
0.75027098
0.72486141
0.74390505
0.84507759
0.55592327
0.19861241
0.59410108
0.43411071
0.36114276
0.62454665
0.34976863
0.69338927
0.71522760
0.68700903
0.59177246
0.59683331
0.54363435
0.52357726
0.25472504
0.60901863
0.66664407
0.34809711
0.65799372
0.59640992
0.71426949
0.84085371
0.78763248
0.62515300
0.52491817
0.39673423
0.40885777
0.41167332
0.44392199
0.56352749
0.63799487
0.78216736
0.79118013
0.82241492
0.67406334
0.67365055
0.45338206
0.43734837
0.31183488
0.29809717
0.37714647
0.41888797
0.57612511
0.68277728
0.83727538
0.89218161
0.75068721
0.71052679
0.46842004
0.37140093
0.32907011
0.35210296
0.47737536
0.53958955
0.68600069
0.77710082
0.87099436
0.83390227
0.71488302
0.50132735
0.42157409
0.29636660
0.23247584
0.28403315
0.47188054
0.59794957
0.77977293
0.86089525
0.90211752
0.79305994
0.49516711
0.54214838
0.45619886
0.30136894
0.28564397
0.36347941
0.74352950
0.63056295
0.75209797
0.76771101
0.79852849
0.74167416
0.55637080
0.42939175
0.36131854
0.21344417
0.45933499
0.52186372
0.68862663
0.63932907
0.85155756
0.68697283
0.87994139
0.58302190
0.53978863
0.59899387
0.27852495
0.33507290
0.44933068
0.51298778
0.46261973
0.71842302
0.65702593
0.82154512
0.69756185
0.76887121
0.70097031
0.55705381
0.45825056
0.44384240
0.32657502
0.39035970
0.50241381
0.62334275
0.56177752
0.75515143
0.60687512
0.69026544
0.65091481
0.57429192
0.61292377
0.53193753
0.40856340
0.31909116
0.63593879
0.44056573
0.58089259
0.59081804
0.45168819
0.68119145
0.73540846
0.54597323
0.72937886
0.40608900
0.52271447
0.52259622
0.47713536
0.52945841
0.56425397
0.72469111
0.83957473
0.65147079
0.87367926
0.44804034
0.44138411
0.39253586
0.56936201
0.32491511
0.48457092
0.29445371
0.55940329
0.67066153
0.85563594
0.46894961
0.72969563

=== y_list ===
shape=(1200,)  dtype=float64
min=0.01953600  max=0.24688600  mean=0.19867176
valores:
0.02124500
0.01953600
0.02857100
0.04249100
0.05738700
0.07570200
0.09987800
0.12332100
0.14383400
0.16825400
0.18437100
0.20146500
0.20805900
0.21343100
0.21245400
0.20219800
0.20488400
0.19438300
0.17533600
0.18266200
0.18608100
0.20024400
0.18803400
0.19511600
0.20610500
0.19731400
0.19365100
0.21025600
0.20366300
0.20952400
0.20390700
0.20708200
0.20097700
0.19145300
0.19047600
0.18803400
0.19389500
0.20512800
0.20854700
0.20854700
0.20879100
0.20708200
0.20268600
0.19926700
0.19243000
0.19438300
0.18730200
0.19120900
0.19804600
0.20170900
0.20952400
0.20879100
0.21098900
0.20928000
0.20244200
0.19975600
0.19340700
0.18754600
0.18608100
0.18876700
0.19438300
0.20464000
0.21562900
0.22075700
0.22026900
0.21001200
0.20293000
0.19145300
0.18217300
0.17948700
0.18119700
0.18974400
0.19633700
0.20195400
0.21660600
0.22271100
0.21978000
0.20903500
0.20317500
0.19584900
0.18363900
0.18388300
0.18461500
0.19365100
0.19389500
0.20561700
0.21709400
0.22246600
0.21709400
0.21269800
0.20659300
0.19511600
0.18608100
0.17899900
0.17680100
0.17728900
0.19023200
0.19511600
0.21172200
0.22197800
0.22515300
0.22149000
0.21391900
0.20073300
0.18779000
0.17802200
0.16678900
0.16727700
0.19243000
0.19902300
0.20561700
0.21514000
0.21269800
0.22222200
0.21172200
0.20195400
0.18461500
0.17313800
0.16678900
0.16825400
0.19462800
0.20537200
0.22612900
0.22393200
0.22075700
0.21098900
0.19511600
0.18266200
0.16996300
0.16898700
0.17240500
0.18339400
0.19853500
0.21562900
0.22173400
0.22710600
0.22246600
0.21074500
0.19926700
0.18852300
0.17875500
0.17484700
0.17631300
0.18779000
0.20073300
0.21514000
0.22637400
0.22930400
0.22686200
0.21465200
0.20024400
0.18461500
0.17362600
0.16654500
0.17142900
0.18339400
0.19780200
0.21294300
0.22588500
0.23028100
0.22661800
0.21489600
0.19951200
0.18339400
0.17411500
0.16923100
0.17411500
0.18217300
0.19829100
0.21514000
0.22539700
0.23223400
0.22857100
0.21611700
0.19926700
0.18437100
0.17265000
0.16801000
0.17167300
0.18534800
0.19194100
0.21758200
0.24127000
0.23101300
0.23321100
0.21587300
0.21074500
0.18901100
0.18095200
0.17045200
0.17362600
0.17460300
0.20000000
0.21514000
0.22344300
0.23174600
0.22295500
0.21245400
0.19755800
0.18266200
0.16996300
0.17069600
0.17802200
0.18925500
0.20415100
0.22051300
0.23003700
0.23492100
0.22612900
0.21001200
0.19487200
0.18144100
0.17313800
0.17167300
0.17851000
0.19194100
0.20976800
0.22393200
0.22783900
0.22612900
0.22222200
0.20659300
0.19194100
0.17728900
0.16898700
0.16776600
0.17509200
0.19145300
0.20952400
0.22417600
0.22539700
0.23028100
0.21758200
0.21001200
0.19780200
0.17875500
0.17558000
0.17387100
0.18388300
0.18827800
0.20097700
0.21318700
0.21489600
0.21855900
0.21733800
0.21172200
0.20317500
0.19413900
0.18363900
0.17924300
0.18217300
0.18461500
0.19877900
0.20781400
0.21855900
0.22344300
0.22222200
0.21367500
0.19975600
0.18974400
0.17606800
0.16483500
0.17631300
0.18803400
0.19853500
0.20317500
0.22637400
0.22344300
0.21660600
0.19658100
0.18266200
0.17826600
0.17509200
0.17655700
0.19365100
0.21123300
0.22026900
0.23687400
0.22783900
0.21953600
0.20341900
0.19120900
0.18046400
0.17606800
0.17899900
0.18461500
0.19902300
0.20732600
0.21904800
0.22368700
0.22197800
0.21611700
0.20293000
0.18949900
0.17484700
0.17313800
0.17631300
0.18266200
0.19707000
0.21050100
0.22417600
0.23003700
0.22344300
0.21562900
0.20415100
0.19340700
0.18290600
0.17509200
0.17240500
0.17777800
0.18974400
0.20610500
0.22002400
0.22637400
0.22783900
0.22100100
0.21074500
0.19560400
0.18388300
0.17777800
0.17460300
0.17753400
0.18730200
0.19975600
0.21147700
0.22393200
0.22539700
0.21880300
0.20952400
0.19829100
0.18827800
0.18241800
0.17973100
0.18412700
0.19243000
0.19560400
0.21465200
0.21636100
0.21416400
0.21147700
0.20805900
0.20268600
0.19291800
0.18730200
0.18852300
0.18461500
0.18656900
0.19145300
0.20610500
0.21123300
0.21733800
0.21904800
0.21343100
0.20341900
0.19462800
0.18974400
0.18486000
0.18681300
0.19096500
0.19487200
0.20170900
0.20976800
0.21123300
0.21685000
0.21245400
0.20390700
0.20268600
0.19194100
0.18754600
0.18315000
0.18241800
0.18998800
0.20048800
0.20634900
0.21391900
0.22246600
0.21929200
0.21098900
0.19951200
0.18876700
0.18119700
0.17826600
0.18339400
0.18876700
0.20097700
0.21050100
0.21807100
0.21978000
0.21685000
0.20854700
0.20000000
0.19145300
0.18608100
0.18022000
0.17533600
0.18217300
0.19218600
0.21050100
0.22197800
0.22857100
0.22539700
0.21343100
0.20195400
0.19120900
0.17728900
0.17582400
0.17948700
0.18241800
0.19658100
0.20708200
0.21367500
0.22246600
0.23052500
0.22417600
0.21733800
0.20000000
0.18168500
0.17216100
0.16410300
0.16874200
0.18022000
0.19511600
0.20952400
0.21978000
0.22710600
0.22735000
0.21611700
0.20439600
0.18925500
0.18144100
0.17167300
0.17387100
0.18046400
0.19267400
0.21269800
0.22515300
0.23150200
0.23199000
0.22026900
0.20293000
0.18632500
0.17655700
0.16874200
0.17240500
0.18217300
0.19511600
0.21318700
0.22539700
0.23296700
0.23028100
0.22222200
0.20512800
0.18779000
0.17240500
0.16385800
0.16556800
0.17509200
0.19169700
0.21050100
0.22344300
0.23028100
0.22832700
0.21978000
0.20830300
0.19218600
0.17680100
0.16630000
0.16459100
0.17411500
0.18608100
0.20317500
0.21880300
0.22661800
0.22539700
0.21611700
0.20586100
0.19169700
0.18510400
0.17753400
0.17387100
0.17948700
0.18339400
0.19658100
0.22515300
0.23858400
0.24688600
0.22026900
0.21636100
0.20244200
0.20122100
0.18608100
0.18583600
0.18461500
0.18901100
0.19755800
0.20586100
0.21172200
0.21831500
0.21538500
0.21098900
0.20317500
0.19413900
0.18974400
0.18266200
0.18192900
0.18412700
0.19609300
0.20537200
0.21562900
0.21929200
0.22124500
0.21098900
0.20073300
0.18852300
0.18192900
0.17973100
0.18559200
0.18949900
0.19902300
0.20757000
0.21685000
0.21611700
0.21807100
0.21196600
0.20317500
0.19316200
0.18388300
0.17948700
0.17631300
0.17875500
0.19413900
0.21001200
0.22026900
0.22881600
0.22808300
0.21880300
0.20634900
0.18925500
0.17728900
0.17338200
0.17265000
0.18363900
0.19365100
0.21538500
0.22393200
0.22783900
0.22368700
0.20830300
0.20073300
0.18803400
0.18437100
0.17875500
0.17851000
0.18144100
0.19438300
0.20708200
0.21953600
0.22417600
0.22368700
0.21367500
0.20781400
0.19169700
0.18583600
0.16996300
0.17655700
0.18046400
0.19462800
0.20732600
0.21758200
0.22637400
0.21733800
0.20952400
0.20268600
0.18681300
0.18022000
0.18315000
0.18339400
0.19389500
0.20415100
0.21367500
0.21782700
0.21953600
0.21196600
0.20317500
0.19413900
0.18437100
0.18168500
0.18095200
0.18949900
0.19584900
0.20732600
0.21636100
0.22124500
0.21904800
0.21367500
0.20317500
0.18974400
0.18095200
0.17704500
0.17997600
0.18437100
0.19584900
0.20586100
0.21611700
0.22100100
0.22368700
0.21929200
0.21050100
0.19804600
0.18339400
0.17509200
0.17216100
0.17899900
0.18925500
0.20415100
0.21929200
0.23150200
0.23296700
0.22588500
0.21123300
0.19609300
0.18168500
0.16898700
0.16410300
0.16727700
0.18119700
0.19707000
0.21489600
0.22490800
0.23150200
0.22808300
0.21758200
0.19853500
0.18217300
0.17167300
0.16434700
0.16630000
0.17655700
0.18949900
0.21050100
0.22271100
0.23003700
0.22612900
0.21733800
0.20219800
0.18632500
0.17435900
0.16092800
0.17167300
0.18461500
0.19804600
0.20634900
0.21294300
0.20854700
0.21221000
0.20439600
0.20854700
0.19365100
0.18437100
0.18315000
0.18388300
0.17875500
0.19926700
0.20586100
0.21855900
0.21978000
0.21782700
0.20976800
0.20244200
0.19267400
0.18534800
0.18022000
0.18339400
0.18583600
0.19707000
0.20464000
0.21367500
0.21855900
0.21904800
0.21245400
0.20537200
0.19511600
0.18681300
0.17875500
0.17826600
0.18461500
0.19584900
0.20830300
0.21709400
0.22466400
0.22124500
0.21025600
0.20610500
0.19267400
0.18070800
0.18119700
0.17655700
0.18412700
0.19194100
0.20683800
0.21465200
0.22319900
0.22246600
0.22417600
0.21269800
0.20244200
0.18510400
0.17533600
0.17142900
0.17631300
0.18705700
0.20048800
0.21538500
0.22197800
0.22271100
0.22124500
0.21098900
0.19120900
0.18803400
0.18315000
0.18241800
0.18608100
0.19243000
0.20024400
0.21269800
0.21318700
0.21733800
0.21562900
0.21050100
0.19755800
0.19023200
0.18681300
0.18095200
0.18730200
0.18095200
0.19658100
0.20000000
0.22173400
0.22002400
0.22075700
0.22026900
0.21147700
0.19731400
0.18510400
0.18315000
0.16703300
0.17142900
0.17509200
0.19951200
0.21880300
0.22149000
0.22393200
0.21465200
0.20464000
0.19072000
0.18168500
0.17484700
0.17606800
0.18705700
0.19755800
0.21050100
0.22515300
0.23052500
0.22832700
0.21538500
0.19902300
0.18437100
0.17313800
0.16678900
0.16923100
0.18217300
0.19853500
0.21416400
0.22319900
0.22539700
0.22124500
0.21074500
0.19682500
0.18388300
0.17680100
0.17265000
0.17997600
0.18998800
0.20464000
0.21782700
0.22808300
0.22075700
0.21733800
0.20268600
0.19438300
0.18656900
0.17924300
0.17240500
0.17997600
0.19340700
0.20659300
0.21733800
0.22344300
0.22075700
0.21221000
0.20073300
0.18876700
0.17777800
0.17631300
0.17973100
0.19169700
0.20537200
0.21807100
0.22759500
0.22808300
0.21953600
0.20268600
0.18974400
0.17704500
0.17069600
0.17142900
0.17851000
0.19194100
0.20757000
0.22173400
0.22686200
0.22759500
0.22051300
0.20903500
0.19438300
0.17851000
0.17094000
0.17094000
0.17924300
0.19291800
0.20830300
0.21782700
0.22661800
0.22686200
0.21489600
0.21733800
0.19291800
0.17338200
0.16605600
0.17435900
0.18022000
0.20000000
0.21147700
0.21636100
0.22930400
0.21807100
0.20976800
0.20854700
0.19047600
0.18437100
0.17313800
0.17558000
0.18241800
0.19462800
0.20683800
0.22051300
0.22612900
0.22246600
0.21562900
0.20341900
0.19023200
0.18168500
0.17826600
0.17875500
0.18412700
0.19560400
0.20683800
0.21685000
0.22344300
0.22344300
0.21318700
0.20561700
0.19169700
0.18412700
0.17704500
0.17680100
0.18022000
0.19438300
0.20952400
0.22246600
0.22808300
0.22173400
0.21245400
0.20317500
0.18998800
0.17924300
0.17484700
0.18608100
0.18583600
0.20024400
0.21098900
0.22246600
0.22002400
0.21587300
0.20805900
0.19365100
0.18705700
0.17606800
0.18119700
0.18705700
0.19609300
0.20732600
0.21807100
0.21709400
0.22222200
0.21465200
0.20268600
0.19340700
0.19218600
0.17582400
0.17753400
0.18119700
0.19413900
0.19804600
0.21221000
0.22197800
0.22319900
0.22393200
0.21391900
0.20219800
0.19365100
0.17484700
0.17069600
0.16727700
0.18876700
0.19877900
0.21294300
0.21098900
0.21050100
0.20561700
0.20073300
0.20244200
0.20048800
0.19047600
0.18632500
0.18437100
0.19072000
0.19120900
0.19511600
0.21098900
0.21294300
0.22124500
0.21074500
0.20952400
0.19096500
0.19340700
0.19487200
0.18192900
0.19145300
0.19511600
0.20073300
0.20561700
0.20830300
0.21318700
0.20830300
0.20464000
0.19902300
0.19584900
0.18974400
0.19291800
0.19316200
0.19584900
0.19731400
0.20195400
0.20366300
0.20805900
0.20952400
0.20928000
0.20561700
0.19877900
0.19438300
0.19023200
0.19145300
0.19413900
0.19951200
0.20317500
0.20732600
0.20830300
0.20854700
0.20659300
0.20000000
0.19169700
0.18925500
0.19047600
0.19291800
0.19633700
0.20244200
0.20757000
0.21098900
0.20732600
0.20610500
0.20439600
0.20097700
0.19291800
0.18827800
0.18803400
0.19169700
0.19829100
0.20488400
0.20976800
0.20708200
0.20854700
0.20219800
0.19755800
0.19682500
0.19413900
0.19707000
0.19707000
0.19853500
0.20048800
0.20219800
0.20293000
0.20293000
0.20097700
0.20122100
0.20073300
0.19804600
0.19829100
0.19560400
0.19487200
0.19413900
0.19658100
0.20048800
0.20439600
0.20854700
0.21098900
0.20708200
0.20415100
0.19804600
0.19511600
0.19389500
0.19120900
0.19145300
0.19047600
0.19658100
0.20805900
0.21025600
0.21147700
0.21001200
0.20561700
0.19682500
0.18827800
0.18827800
0.18974400
0.18827800
0.20122100
0.21978000
0.20757000
0.20781400
0.20928000
0.19780200
0.20464000
0.19291800
0.18901100
0.19072000
0.19682500
0.19951200
0.20268600
0.20415100
0.21440800
0.20170900
0.19438300
0.20512800
0.19609300
0.19584900
0.19194100
0.18705700
0.18974400
0.19902300
0.20659300
0.21318700
0.21269800
0.21001200
0.20586100
0.19853500
0.19316200
0.18681300
0.18656900
0.18779000
0.19633700
0.20024400
0.21025600
0.21269800
0.21611700
0.21489600
0.20854700
0.20293000
0.19413900
0.18779000
0.18168500
0.18070800
0.18949900
0.19633700
0.20903500
0.21587300
0.21709400
0.21343100
0.20464000
0.19804600
0.19023200
0.18559200
0.18290600
0.18656900
0.19511600
0.20757000
0.21391900
0.21855900
0.21929200
0.21391900
0.20195400
0.19218600
0.18290600
0.17948700
0.18046400
0.18876700
0.20561700
0.20903500
0.21196600
0.21685000
0.21611700
0.20976800
0.19072000
0.18974400
0.18656900
0.18730200
0.18876700
0.19365100
0.20390700
0.21196600
0.21538500
0.21953600
0.20781400
0.19951200
0.18998800
0.19023200
0.18388300
0.19096500
0.18779000
0.20048800
0.20683800
0.20561700
0.21660600
0.21538500
0.20757000
0.20073300
0.20000000
0.18974400
0.19023200
0.18583600
0.19169700
0.19267400
0.19707000
0.20488400
0.21074500
0.21147700
0.21416400
0.21001200
0.20219800
0.19413900
0.19462800
0.18827800
0.19389500
0.19389500
0.19658100
0.20122100
0.20122100
0.20415100
0.20928000
0.21294300
0.19951200
0.20219800
0.19731400
0.19560400
0.20122100
0.19413900
0.19047600
0.19829100
0.19438300
0.20659300
0.20537200
0.20390700
0.20439600
0.20170900
0.19902300
0.19194100
0.18632500
0.19413900
0.18949900
0.20634900
0.21172200
0.21343100
0.20464000
0.21001200
0.20390700
0.20830300
0.19804600
0.19023200
0.18192900
0.19731400
0.19340700

=== t0 ===
shape=()  dtype=float64
min=663.24139310  max=663.24139310  mean=663.24139310
valores:
663.24139310

=== n ===
shape=()  dtype=int64
min=1200.00000000  max=1200.00000000  mean=1200.00000000
valores:
1200.00000000

=== offset ===
shape=()  dtype=int64
min=0.00000000  max=0.00000000  mean=0.00000000
valores:
0.00000000

=== k ===
shape=()  dtype=int64
min=1199.00000000  max=1199.00000000  mean=1199.00000000
valores:
1199.00000000

=== y ===
shape=(1200,)  dtype=float64
min=0.01953600  max=0.24688600  mean=0.19867176
valores:
0.02124500
0.01953600
0.02857100
0.04249100
0.05738700
0.07570200
0.09987800
0.12332100
0.14383400
0.16825400
0.18437100
0.20146500
0.20805900
0.21343100
0.21245400
0.20219800
0.20488400
0.19438300
0.17533600
0.18266200
0.18608100
0.20024400
0.18803400
0.19511600
0.20610500
0.19731400
0.19365100
0.21025600
0.20366300
0.20952400
0.20390700
0.20708200
0.20097700
0.19145300
0.19047600
0.18803400
0.19389500
0.20512800
0.20854700
0.20854700
0.20879100
0.20708200
0.20268600
0.19926700
0.19243000
0.19438300
0.18730200
0.19120900
0.19804600
0.20170900
0.20952400
0.20879100
0.21098900
0.20928000
0.20244200
0.19975600
0.19340700
0.18754600
0.18608100
0.18876700
0.19438300
0.20464000
0.21562900
0.22075700
0.22026900
0.21001200
0.20293000
0.19145300
0.18217300
0.17948700
0.18119700
0.18974400
0.19633700
0.20195400
0.21660600
0.22271100
0.21978000
0.20903500
0.20317500
0.19584900
0.18363900
0.18388300
0.18461500
0.19365100
0.19389500
0.20561700
0.21709400
0.22246600
0.21709400
0.21269800
0.20659300
0.19511600
0.18608100
0.17899900
0.17680100
0.17728900
0.19023200
0.19511600
0.21172200
0.22197800
0.22515300
0.22149000
0.21391900
0.20073300
0.18779000
0.17802200
0.16678900
0.16727700
0.19243000
0.19902300
0.20561700
0.21514000
0.21269800
0.22222200
0.21172200
0.20195400
0.18461500
0.17313800
0.16678900
0.16825400
0.19462800
0.20537200
0.22612900
0.22393200
0.22075700
0.21098900
0.19511600
0.18266200
0.16996300
0.16898700
0.17240500
0.18339400
0.19853500
0.21562900
0.22173400
0.22710600
0.22246600
0.21074500
0.19926700
0.18852300
0.17875500
0.17484700
0.17631300
0.18779000
0.20073300
0.21514000
0.22637400
0.22930400
0.22686200
0.21465200
0.20024400
0.18461500
0.17362600
0.16654500
0.17142900
0.18339400
0.19780200
0.21294300
0.22588500
0.23028100
0.22661800
0.21489600
0.19951200
0.18339400
0.17411500
0.16923100
0.17411500
0.18217300
0.19829100
0.21514000
0.22539700
0.23223400
0.22857100
0.21611700
0.19926700
0.18437100
0.17265000
0.16801000
0.17167300
0.18534800
0.19194100
0.21758200
0.24127000
0.23101300
0.23321100
0.21587300
0.21074500
0.18901100
0.18095200
0.17045200
0.17362600
0.17460300
0.20000000
0.21514000
0.22344300
0.23174600
0.22295500
0.21245400
0.19755800
0.18266200
0.16996300
0.17069600
0.17802200
0.18925500
0.20415100
0.22051300
0.23003700
0.23492100
0.22612900
0.21001200
0.19487200
0.18144100
0.17313800
0.17167300
0.17851000
0.19194100
0.20976800
0.22393200
0.22783900
0.22612900
0.22222200
0.20659300
0.19194100
0.17728900
0.16898700
0.16776600
0.17509200
0.19145300
0.20952400
0.22417600
0.22539700
0.23028100
0.21758200
0.21001200
0.19780200
0.17875500
0.17558000
0.17387100
0.18388300
0.18827800
0.20097700
0.21318700
0.21489600
0.21855900
0.21733800
0.21172200
0.20317500
0.19413900
0.18363900
0.17924300
0.18217300
0.18461500
0.19877900
0.20781400
0.21855900
0.22344300
0.22222200
0.21367500
0.19975600
0.18974400
0.17606800
0.16483500
0.17631300
0.18803400
0.19853500
0.20317500
0.22637400
0.22344300
0.21660600
0.19658100
0.18266200
0.17826600
0.17509200
0.17655700
0.19365100
0.21123300
0.22026900
0.23687400
0.22783900
0.21953600
0.20341900
0.19120900
0.18046400
0.17606800
0.17899900
0.18461500
0.19902300
0.20732600
0.21904800
0.22368700
0.22197800
0.21611700
0.20293000
0.18949900
0.17484700
0.17313800
0.17631300
0.18266200
0.19707000
0.21050100
0.22417600
0.23003700
0.22344300
0.21562900
0.20415100
0.19340700
0.18290600
0.17509200
0.17240500
0.17777800
0.18974400
0.20610500
0.22002400
0.22637400
0.22783900
0.22100100
0.21074500
0.19560400
0.18388300
0.17777800
0.17460300
0.17753400
0.18730200
0.19975600
0.21147700
0.22393200
0.22539700
0.21880300
0.20952400
0.19829100
0.18827800
0.18241800
0.17973100
0.18412700
0.19243000
0.19560400
0.21465200
0.21636100
0.21416400
0.21147700
0.20805900
0.20268600
0.19291800
0.18730200
0.18852300
0.18461500
0.18656900
0.19145300
0.20610500
0.21123300
0.21733800
0.21904800
0.21343100
0.20341900
0.19462800
0.18974400
0.18486000
0.18681300
0.19096500
0.19487200
0.20170900
0.20976800
0.21123300
0.21685000
0.21245400
0.20390700
0.20268600
0.19194100
0.18754600
0.18315000
0.18241800
0.18998800
0.20048800
0.20634900
0.21391900
0.22246600
0.21929200
0.21098900
0.19951200
0.18876700
0.18119700
0.17826600
0.18339400
0.18876700
0.20097700
0.21050100
0.21807100
0.21978000
0.21685000
0.20854700
0.20000000
0.19145300
0.18608100
0.18022000
0.17533600
0.18217300
0.19218600
0.21050100
0.22197800
0.22857100
0.22539700
0.21343100
0.20195400
0.19120900
0.17728900
0.17582400
0.17948700
0.18241800
0.19658100
0.20708200
0.21367500
0.22246600
0.23052500
0.22417600
0.21733800
0.20000000
0.18168500
0.17216100
0.16410300
0.16874200
0.18022000
0.19511600
0.20952400
0.21978000
0.22710600
0.22735000
0.21611700
0.20439600
0.18925500
0.18144100
0.17167300
0.17387100
0.18046400
0.19267400
0.21269800
0.22515300
0.23150200
0.23199000
0.22026900
0.20293000
0.18632500
0.17655700
0.16874200
0.17240500
0.18217300
0.19511600
0.21318700
0.22539700
0.23296700
0.23028100
0.22222200
0.20512800
0.18779000
0.17240500
0.16385800
0.16556800
0.17509200
0.19169700
0.21050100
0.22344300
0.23028100
0.22832700
0.21978000
0.20830300
0.19218600
0.17680100
0.16630000
0.16459100
0.17411500
0.18608100
0.20317500
0.21880300
0.22661800
0.22539700
0.21611700
0.20586100
0.19169700
0.18510400
0.17753400
0.17387100
0.17948700
0.18339400
0.19658100
0.22515300
0.23858400
0.24688600
0.22026900
0.21636100
0.20244200
0.20122100
0.18608100
0.18583600
0.18461500
0.18901100
0.19755800
0.20586100
0.21172200
0.21831500
0.21538500
0.21098900
0.20317500
0.19413900
0.18974400
0.18266200
0.18192900
0.18412700
0.19609300
0.20537200
0.21562900
0.21929200
0.22124500
0.21098900
0.20073300
0.18852300
0.18192900
0.17973100
0.18559200
0.18949900
0.19902300
0.20757000
0.21685000
0.21611700
0.21807100
0.21196600
0.20317500
0.19316200
0.18388300
0.17948700
0.17631300
0.17875500
0.19413900
0.21001200
0.22026900
0.22881600
0.22808300
0.21880300
0.20634900
0.18925500
0.17728900
0.17338200
0.17265000
0.18363900
0.19365100
0.21538500
0.22393200
0.22783900
0.22368700
0.20830300
0.20073300
0.18803400
0.18437100
0.17875500
0.17851000
0.18144100
0.19438300
0.20708200
0.21953600
0.22417600
0.22368700
0.21367500
0.20781400
0.19169700
0.18583600
0.16996300
0.17655700
0.18046400
0.19462800
0.20732600
0.21758200
0.22637400
0.21733800
0.20952400
0.20268600
0.18681300
0.18022000
0.18315000
0.18339400
0.19389500
0.20415100
0.21367500
0.21782700
0.21953600
0.21196600
0.20317500
0.19413900
0.18437100
0.18168500
0.18095200
0.18949900
0.19584900
0.20732600
0.21636100
0.22124500
0.21904800
0.21367500
0.20317500
0.18974400
0.18095200
0.17704500
0.17997600
0.18437100
0.19584900
0.20586100
0.21611700
0.22100100
0.22368700
0.21929200
0.21050100
0.19804600
0.18339400
0.17509200
0.17216100
0.17899900
0.18925500
0.20415100
0.21929200
0.23150200
0.23296700
0.22588500
0.21123300
0.19609300
0.18168500
0.16898700
0.16410300
0.16727700
0.18119700
0.19707000
0.21489600
0.22490800
0.23150200
0.22808300
0.21758200
0.19853500
0.18217300
0.17167300
0.16434700
0.16630000
0.17655700
0.18949900
0.21050100
0.22271100
0.23003700
0.22612900
0.21733800
0.20219800
0.18632500
0.17435900
0.16092800
0.17167300
0.18461500
0.19804600
0.20634900
0.21294300
0.20854700
0.21221000
0.20439600
0.20854700
0.19365100
0.18437100
0.18315000
0.18388300
0.17875500
0.19926700
0.20586100
0.21855900
0.21978000
0.21782700
0.20976800
0.20244200
0.19267400
0.18534800
0.18022000
0.18339400
0.18583600
0.19707000
0.20464000
0.21367500
0.21855900
0.21904800
0.21245400
0.20537200
0.19511600
0.18681300
0.17875500
0.17826600
0.18461500
0.19584900
0.20830300
0.21709400
0.22466400
0.22124500
0.21025600
0.20610500
0.19267400
0.18070800
0.18119700
0.17655700
0.18412700
0.19194100
0.20683800
0.21465200
0.22319900
0.22246600
0.22417600
0.21269800
0.20244200
0.18510400
0.17533600
0.17142900
0.17631300
0.18705700
0.20048800
0.21538500
0.22197800
0.22271100
0.22124500
0.21098900
0.19120900
0.18803400
0.18315000
0.18241800
0.18608100
0.19243000
0.20024400
0.21269800
0.21318700
0.21733800
0.21562900
0.21050100
0.19755800
0.19023200
0.18681300
0.18095200
0.18730200
0.18095200
0.19658100
0.20000000
0.22173400
0.22002400
0.22075700
0.22026900
0.21147700
0.19731400
0.18510400
0.18315000
0.16703300
0.17142900
0.17509200
0.19951200
0.21880300
0.22149000
0.22393200
0.21465200
0.20464000
0.19072000
0.18168500
0.17484700
0.17606800
0.18705700
0.19755800
0.21050100
0.22515300
0.23052500
0.22832700
0.21538500
0.19902300
0.18437100
0.17313800
0.16678900
0.16923100
0.18217300
0.19853500
0.21416400
0.22319900
0.22539700
0.22124500
0.21074500
0.19682500
0.18388300
0.17680100
0.17265000
0.17997600
0.18998800
0.20464000
0.21782700
0.22808300
0.22075700
0.21733800
0.20268600
0.19438300
0.18656900
0.17924300
0.17240500
0.17997600
0.19340700
0.20659300
0.21733800
0.22344300
0.22075700
0.21221000
0.20073300
0.18876700
0.17777800
0.17631300
0.17973100
0.19169700
0.20537200
0.21807100
0.22759500
0.22808300
0.21953600
0.20268600
0.18974400
0.17704500
0.17069600
0.17142900
0.17851000
0.19194100
0.20757000
0.22173400
0.22686200
0.22759500
0.22051300
0.20903500
0.19438300
0.17851000
0.17094000
0.17094000
0.17924300
0.19291800
0.20830300
0.21782700
0.22661800
0.22686200
0.21489600
0.21733800
0.19291800
0.17338200
0.16605600
0.17435900
0.18022000
0.20000000
0.21147700
0.21636100
0.22930400
0.21807100
0.20976800
0.20854700
0.19047600
0.18437100
0.17313800
0.17558000
0.18241800
0.19462800
0.20683800
0.22051300
0.22612900
0.22246600
0.21562900
0.20341900
0.19023200
0.18168500
0.17826600
0.17875500
0.18412700
0.19560400
0.20683800
0.21685000
0.22344300
0.22344300
0.21318700
0.20561700
0.19169700
0.18412700
0.17704500
0.17680100
0.18022000
0.19438300
0.20952400
0.22246600
0.22808300
0.22173400
0.21245400
0.20317500
0.18998800
0.17924300
0.17484700
0.18608100
0.18583600
0.20024400
0.21098900
0.22246600
0.22002400
0.21587300
0.20805900
0.19365100
0.18705700
0.17606800
0.18119700
0.18705700
0.19609300
0.20732600
0.21807100
0.21709400
0.22222200
0.21465200
0.20268600
0.19340700
0.19218600
0.17582400
0.17753400
0.18119700
0.19413900
0.19804600
0.21221000
0.22197800
0.22319900
0.22393200
0.21391900
0.20219800
0.19365100
0.17484700
0.17069600
0.16727700
0.18876700
0.19877900
0.21294300
0.21098900
0.21050100
0.20561700
0.20073300
0.20244200
0.20048800
0.19047600
0.18632500
0.18437100
0.19072000
0.19120900
0.19511600
0.21098900
0.21294300
0.22124500
0.21074500
0.20952400
0.19096500
0.19340700
0.19487200
0.18192900
0.19145300
0.19511600
0.20073300
0.20561700
0.20830300
0.21318700
0.20830300
0.20464000
0.19902300
0.19584900
0.18974400
0.19291800
0.19316200
0.19584900
0.19731400
0.20195400
0.20366300
0.20805900
0.20952400
0.20928000
0.20561700
0.19877900
0.19438300
0.19023200
0.19145300
0.19413900
0.19951200
0.20317500
0.20732600
0.20830300
0.20854700
0.20659300
0.20000000
0.19169700
0.18925500
0.19047600
0.19291800
0.19633700
0.20244200
0.20757000
0.21098900
0.20732600
0.20610500
0.20439600
0.20097700
0.19291800
0.18827800
0.18803400
0.19169700
0.19829100
0.20488400
0.20976800
0.20708200
0.20854700
0.20219800
0.19755800
0.19682500
0.19413900
0.19707000
0.19707000
0.19853500
0.20048800
0.20219800
0.20293000
0.20293000
0.20097700
0.20122100
0.20073300
0.19804600
0.19829100
0.19560400
0.19487200
0.19413900
0.19658100
0.20048800
0.20439600
0.20854700
0.21098900
0.20708200
0.20415100
0.19804600
0.19511600
0.19389500
0.19120900
0.19145300
0.19047600
0.19658100
0.20805900
0.21025600
0.21147700
0.21001200
0.20561700
0.19682500
0.18827800
0.18827800
0.18974400
0.18827800
0.20122100
0.21978000
0.20757000
0.20781400
0.20928000
0.19780200
0.20464000
0.19291800
0.18901100
0.19072000
0.19682500
0.19951200
0.20268600
0.20415100
0.21440800
0.20170900
0.19438300
0.20512800
0.19609300
0.19584900
0.19194100
0.18705700
0.18974400
0.19902300
0.20659300
0.21318700
0.21269800
0.21001200
0.20586100
0.19853500
0.19316200
0.18681300
0.18656900
0.18779000
0.19633700
0.20024400
0.21025600
0.21269800
0.21611700
0.21489600
0.20854700
0.20293000
0.19413900
0.18779000
0.18168500
0.18070800
0.18949900
0.19633700
0.20903500
0.21587300
0.21709400
0.21343100
0.20464000
0.19804600
0.19023200
0.18559200
0.18290600
0.18656900
0.19511600
0.20757000
0.21391900
0.21855900
0.21929200
0.21391900
0.20195400
0.19218600
0.18290600
0.17948700
0.18046400
0.18876700
0.20561700
0.20903500
0.21196600
0.21685000
0.21611700
0.20976800
0.19072000
0.18974400
0.18656900
0.18730200
0.18876700
0.19365100
0.20390700
0.21196600
0.21538500
0.21953600
0.20781400
0.19951200
0.18998800
0.19023200
0.18388300
0.19096500
0.18779000
0.20048800
0.20683800
0.20561700
0.21660600
0.21538500
0.20757000
0.20073300
0.20000000
0.18974400
0.19023200
0.18583600
0.19169700
0.19267400
0.19707000
0.20488400
0.21074500
0.21147700
0.21416400
0.21001200
0.20219800
0.19413900
0.19462800
0.18827800
0.19389500
0.19389500
0.19658100
0.20122100
0.20122100
0.20415100
0.20928000
0.21294300
0.19951200
0.20219800
0.19731400
0.19560400
0.20122100
0.19413900
0.19047600
0.19829100
0.19438300
0.20659300
0.20537200
0.20390700
0.20439600
0.20170900
0.19902300
0.19194100
0.18632500
0.19413900
0.18949900
0.20634900
0.21172200
0.21343100
0.20464000
0.21001200
0.20390700
0.20830300
0.19804600
0.19023200
0.18192900
0.19731400
0.19340700

=== e ===
shape=()  dtype=float64
min=0.00659300  max=0.00659300  mean=0.00659300
valores:
0.00659300

=== u ===
shape=(1200,)  dtype=float64
min=0.00000000  max=1.00000000  mean=0.56053337
valores:
1.00000000
0.19166536
0.81530688
1.00000000
1.00000000
1.00000000
1.00000000
1.00000000
1.00000000
0.84229511
0.81693002
0.60900444
0.59698669
0.48367302
0.49539720
0.68870969
0.51083371
0.78213878
1.00000000
0.74858211
0.81500429
0.55207516
0.99972972
0.75885032
0.56877999
0.87004642
0.89252826
0.46249121
0.74127518
0.51010862
0.66430782
0.51016525
0.66288805
0.84365950
0.81857784
0.91778281
0.80193589
0.59979184
0.59520428
0.58673604
0.53920336
0.54288473
0.60493926
0.63740046
0.78334595
0.70424296
0.93158365
0.82482928
0.72956516
0.71074112
0.53735955
0.58514511
0.47932303
0.49114075
0.60516243
0.59658171
0.73469357
0.85581003
0.89725726
0.88158674
0.81769056
0.63585105
0.43025225
0.32880856
0.29027674
0.45056348
0.48526995
0.69728385
0.86624655
0.93212394
0.96159552
0.84977902
0.81237251
0.74938430
0.41835491
0.32230722
0.34632265
0.49803258
0.50145741
0.61763467
0.88029124
0.83588064
0.89730319
0.74706118
0.85818807
0.58960714
0.38084263
0.27075347
0.35147498
0.33002156
0.38296372
0.58666242
0.73165510
0.89366857
0.98346280
1.00000000
0.78267140
0.82889304
0.47377825
0.31369032
0.22459929
0.22746157
0.28254555
0.48059071
0.68220713
0.86729853
1.00000000
1.00000000
0.51811221
0.62709672
0.52609766
0.31819755
0.39904845
0.07020731
0.32337182
0.41632349
0.75750390
0.95954006
1.00000000
1.00000000
0.49147819
0.49518404
0.04039212
0.16970045
0.11439974
0.23401118
0.49398496
0.68441144
0.97407720
1.00000000
1.00000000
0.88445470
0.68208651
0.39638650
0.32849270
0.14443994
0.18399212
0.33134124
0.46111727
0.62984998
0.83250446
0.94152363
0.98793100
0.82227203
0.65968533
0.41113759
0.18837457
0.09371655
0.04288807
0.20263140
0.38393411
0.64502103
0.85096132
1.00000000
0.96845764
0.84668234
0.67246568
0.43332232
0.18444208
0.07096681
0.06077997
0.19747780
0.40729791
0.67508570
0.83840688
0.99954135
0.97611045
0.94148998
0.69185252
0.42298577
0.24869628
0.04925342
0.05305983
0.19908470
0.43355313
0.65713831
0.89005094
1.00000000
1.00000000
0.82150525
0.85454227
0.29961637
0.00000000
0.29086905
0.00000000
0.30502727
0.19339570
0.64928081
0.70031237
0.98405933
0.94465937
1.00000000
0.48116941
0.33689467
0.19628086
0.00000000
0.15165099
0.22553648
0.44636206
0.69695326
0.96318375
0.96759949
0.92841517
0.81699234
0.59493761
0.29852222
0.11239419
0.00000000
0.10353100
0.30600257
0.49098011
0.71465772
0.88818515
0.97578357
0.92331891
0.74851668
0.45946822
0.22038211
0.14059845
0.08746205
0.04498356
0.30069861
0.49436582
0.76817395
0.95001107
1.00000000
0.95621467
0.72752403
0.46269779
0.21462542
0.20718253
0.00000000
0.22606829
0.21328491
0.40519670
0.78676692
0.78795274
0.91922230
0.77243238
0.83372172
0.60706710
0.41130337
0.42099257
0.27157579
0.24838554
0.29685558
0.40538635
0.53960051
0.75028207
0.84119444
0.82416824
0.87580310
0.61055267
0.52083183
0.29442946
0.18274627
0.14768535
0.24768189
0.45632417
0.58051001
0.88444529
1.00000000
0.76788167
0.69205220
0.59321151
0.58214997
0.01680752
0.18717856
0.22104421
0.58842381
0.76947364
0.83229335
0.97641726
1.00000000
0.68920218
0.43332660
0.31623262
0.00000000
0.21280962
0.20443552
0.44344217
0.58517281
0.78582412
0.88971962
0.88800211
0.87363374
0.63259023
0.56279203
0.30668348
0.20829337
0.18220911
0.20986488
0.41373040
0.61723267
0.91455259
0.93922042
0.97118727
0.95334800
0.72877134
0.53698670
0.26470505
0.12897360
0.20913924
0.23289026
0.37657249
0.52171689
0.71956818
0.90160662
1.00000000
0.96979172
0.82201978
0.56709316
0.33790823
0.21203939
0.10805542
0.16290261
0.25868902
0.49639855
0.67270785
0.79452189
0.92462748
0.94170313
0.82800406
0.66390537
0.48421945
0.22207936
0.18847770
0.24886588
0.33257133
0.48540091
0.64246477
0.75316469
0.85070532
0.81015285
0.71621533
0.75111572
0.31465074
0.38288700
0.37657303
0.35594260
0.36232105
0.42829437
0.61408982
0.69847794
0.67461882
0.84192008
0.82864453
0.78709871
0.49975168
0.47945903
0.31796192
0.24898921
0.31735415
0.45516593
0.56786362
0.63460948
0.76243815
0.73863852
0.71466413
0.69801883
0.58506348
0.43588884
0.42850787
0.24436418
0.32954790
0.44625136
0.37664969
0.62732911
0.67576841
0.80639926
0.86435203
0.74824145
0.60015303
0.54835805
0.37993908
0.16632179
0.22118329
0.31033526
0.47170890
0.63929355
0.78443030
0.87771072
0.82313269
0.81484933
0.60775056
0.47613002
0.32281099
0.26438297
0.26034133
0.36362906
0.46170769
0.59872423
0.69565235
0.86152729
1.00000000
0.89703282
0.79213485
0.45659511
0.28751367
0.12254479
0.12916886
0.28270973
0.39713633
0.55292683
0.84900533
0.86265068
0.87148022
0.93059015
0.68066903
0.56398408
0.46159212
0.23352409
0.00285123
0.09547484
0.09302425
0.38799726
0.69098017
0.84775004
1.00000000
0.97715455
0.87848617
0.70241907
0.49971663
0.32915075
0.14429482
0.07743336
0.23555839
0.35029997
0.60461409
0.71145978
0.97643674
0.96317717
0.94150286
0.78621320
0.42560287
0.23724752
0.07258309
0.00000000
0.15056311
0.38454494
0.62954383
0.78656746
1.00000000
0.98209418
0.90019151
0.74833245
0.43301329
0.22983254
0.03034704
0.01260942
0.04711777
0.30053169
0.55605119
0.84291568
1.00000000
1.00000000
0.93862876
0.72477862
0.44233043
0.24039722
0.07613327
0.04558395
0.10906069
0.22563475
0.48843344
0.76578416
0.99929908
1.00000000
0.91053610
0.82029149
0.56427099
0.31247379
0.17135829
0.14909111
0.25253843
0.34847787
0.58473744
0.65787359
0.86054727
0.99027839
0.93739579
0.99023553
0.76997968
0.18081011
0.00000000
0.00000000
0.53535901
0.28218199
0.52237100
0.40829111
0.77867981
0.70688852
0.80423674
0.75416481
0.63038583
0.51141660
0.41258753
0.24325679
0.29316121
0.30339703
0.40839090
0.54963948
0.60386392
0.79271509
0.82727351
0.85118708
0.64228163
0.53818657
0.33842628
0.26750235
0.15942959
0.33840258
0.44974235
0.66069214
0.76793546
0.84826185
0.77485761
0.80056318
0.64469623
0.52177434
0.32941179
0.35587414
0.22092277
0.30885426
0.41776693
0.57467775
0.74941048
0.85086204
0.98908888
1.00000000
0.73178587
0.50094069
0.34205152
0.12355205
0.08518767
0.18034560
0.31964214
0.60754032
0.80204978
0.89703002
1.00000000
0.84344491
0.77133792
0.34109194
0.25632266
0.12263405
0.13208050
0.37209003
0.37835426
0.62761287
0.65741031
0.84166611
0.89665672
0.92298117
0.70907011
0.53495354
0.30345127
0.20970346
0.15000128
0.28749169
0.27556672
0.59462249
0.63025670
1.00000000
0.82375170
0.90012811
0.66898505
0.50543806
0.32907743
0.11726700
0.30583479
0.33563591
0.38989098
0.71808432
0.79840791
0.75557902
0.85882494
0.67225221
0.53967534
0.37397326
0.29292022
0.20286895
0.31891830
0.41377173
0.54564429
0.73756637
0.78814484
0.86960920
0.73553112
0.70553541
0.49239377
0.33560693
0.21812900
0.21869642
0.24331370
0.39479496
0.62290041
0.76885871
0.87660782
0.87486450
0.88706892
0.71057540
0.58419047
0.38912850
0.28454665
0.16115245
0.18516175
0.27510241
0.45921362
0.72462044
0.87697219
0.99271316
0.92379714
0.82801073
0.59657998
0.33145601
0.07067142
0.00000000
0.03633360
0.21884948
0.41198917
0.65480798
0.93041468
1.00000000
1.00000000
0.83176505
0.64937633
0.35901718
0.20156095
0.00835615
0.00711273
0.10778521
0.41022463
0.65383131
0.85199938
1.00000000
1.00000000
0.91864032
0.79862334
0.43530827
0.27322820
0.09296845
0.11835732
0.17995087
0.39985175
0.65072976
0.87110790
1.00000000
0.78444279
0.69269733
0.54699789
0.47254228
0.35257121
0.46600063
0.28865952
0.46509653
0.26249553
0.64280236
0.76833806
0.78605517
0.83693304
1.00000000
0.52771962
0.55911927
0.26867276
0.26960629
0.23584318
0.33753515
0.40076688
0.56899833
0.69838827
0.83026623
0.79524342
0.84332281
0.64726447
0.57522371
0.39391497
0.28940964
0.23411365
0.31579922
0.37386444
0.54279276
0.68074360
0.87125918
0.90906769
0.84663350
0.69396674
0.50265736
0.35678108
0.16458536
0.20573392
0.35193828
0.30332668
0.57821086
0.79136044
0.75716853
0.97158690
0.84627915
0.79533366
0.52746942
0.43715179
0.22233593
0.21110004
0.05173800
0.24554016
0.33689872
0.67101339
0.82689968
0.95240600
0.92773543
0.81366325
0.63507600
0.37983718
0.27953145
0.21787037
0.15278747
0.29894917
0.65436717
0.58836938
0.74085769
0.79412724
0.77814410
0.71781144
0.61504724
0.36969040
0.41534873
0.24997158
0.24986793
0.28940241
0.52117285
0.59650480
0.66099672
0.84207877
0.71509261
1.00000000
0.63052159
0.70940086
0.18521968
0.33264992
0.20074427
0.12003473
0.24277690
0.46593684
0.65590490
0.66074846
1.00000000
0.89189083
0.97819349
0.50781631
0.25014185
0.27559810
0.13501127
0.28068700
0.37744881
0.61569391
0.75847313
0.93546484
0.96003252
0.80571194
0.70456505
0.48543533
0.18343221
0.06489010
0.02534666
0.19911554
0.41992978
0.64312347
0.86587138
1.00000000
1.00000000
0.84036687
0.63134678
0.39490898
0.24494230
0.16327483
0.16811458
0.29475256
0.49882907
0.71225035
0.84738502
0.99784585
0.90235374
0.81278508
0.58172571
0.36197494
0.13959035
0.29013043
0.20719548
0.46614378
0.52534640
0.67304793
0.85067529
1.00000000
0.87362592
0.69878735
0.52159670
0.34092752
0.20384998
0.21805127
0.31106409
0.46419905
0.65717806
0.87821828
0.91762998
0.93037658
0.75441057
0.55888753
0.33873171
0.12924493
0.07486223
0.16295269
0.41840284
0.57539872
0.82617726
0.97788438
1.00000000
0.96355428
0.79109366
0.55837489
0.30881083
0.20835144
0.10904282
0.16429680
0.29141555
0.51312471
0.80643012
0.95189306
1.00000000
0.92756454
0.75703781
0.52819518
0.39166187
0.17166897
0.12122364
0.30049068
0.05112977
0.61665601
0.91717015
1.00000000
0.88084705
0.93416348
0.57902574
0.47472033
0.40426596
0.04041827
0.31097518
0.32868402
0.23311703
0.64323807
0.67227047
0.97704181
0.93639432
0.90252885
0.74015314
0.57036042
0.30405237
0.19229093
0.21386507
0.24542453
0.41724226
0.62150567
0.76116989
0.85522370
0.91484937
0.88447734
0.71856392
0.56203562
0.38023541
0.22597404
0.17602254
0.32563737
0.35752543
0.61448716
0.71500318
0.90051314
0.94966809
0.97174979
0.73712759
0.51214581
0.27977834
0.15152443
0.23250693
0.30443333
0.39302574
0.62659567
0.82376803
0.93356060
0.72495336
0.90626676
0.60307963
0.46480150
0.22071578
0.28493628
0.27117151
0.35492828
0.61026058
0.67164349
0.95249626
0.83117769
0.82103412
0.70821009
0.52592002
0.32296821
0.36384588
0.14049195
0.27637999
0.43962877
0.54962090
0.52370635
0.96904852
0.88496618
0.91600660
0.71029880
0.76267944
0.44662042
0.27324665
0.22954893
0.11043704
0.25849703
0.39556234
0.49150310
0.92204680
0.96945178
1.00000000
0.57449198
0.57839371
0.31738268
0.44087665
0.38155725
0.45132295
0.50248964
0.40828120
0.46296442
0.69844002
0.75473610
0.83102279
0.72504399
0.81826151
0.76528487
0.41957916
0.46875817
0.21223811
0.45839403
0.33702435
0.75493308
0.55788058
0.57561353
0.94613886
0.66512757
0.70393227
0.61872266
0.54392174
0.49482778
0.35533788
0.46368473
0.47058740
0.55697545
0.58913146
0.73517661
0.64477963
0.70319055
0.66969608
0.67798608
0.58610539
0.57739931
0.46344956
0.42916966
0.40348391
0.45019687
0.56315772
0.61609160
0.70741335
0.68346242
0.66762357
0.58400972
0.54405569
0.45749367
0.43690906
0.39993085
0.41106946
0.52943858
0.67895401
0.70195612
0.69912466
0.69425759
0.66427574
0.55832114
0.47369629
0.39872642
0.47233830
0.43309438
0.43568912
0.48567798
0.65468171
0.73045804
0.74879613
0.71037255
0.61663746
0.51920897
0.43372634
0.50225628
0.40473082
0.54022082
0.58758789
0.57363822
0.65077414
0.57818940
0.62046852
0.59707498
0.56815885
0.54072103
0.52775630
0.52063007
0.55652992
0.52681568
0.53576653
0.59640478
0.57377678
0.65324359
0.66744800
0.70397503
0.66266469
0.60248530
0.53746985
0.44736196
0.38333569
0.45382471
0.45724100
0.56552192
0.59146018
0.61822143
0.70482518
0.71525312
0.78391252
0.66407752
0.44502370
0.45994851
0.40020765
0.39403929
0.44425875
0.60027131
0.75027098
0.72486141
0.74390505
0.84507759
0.55592327
0.19861241
0.59410108
0.43411071
0.36114276
0.62454665
0.34976863
0.69338927
0.71522760
0.68700903
0.59177246
0.59683331
0.54363435
0.52357726
0.25472504
0.60901863
0.66664407
0.34809711
0.65799372
0.59640992
0.71426949
0.84085371
0.78763248
0.62515300
0.52491817
0.39673423
0.40885777
0.41167332
0.44392199
0.56352749
0.63799487
0.78216736
0.79118013
0.82241492
0.67406334
0.67365055
0.45338206
0.43734837
0.31183488
0.29809717
0.37714647
0.41888797
0.57612511
0.68277728
0.83727538
0.89218161
0.75068721
0.71052679
0.46842004
0.37140093
0.32907011
0.35210296
0.47737536
0.53958955
0.68600069
0.77710082
0.87099436
0.83390227
0.71488302
0.50132735
0.42157409
0.29636660
0.23247584
0.28403315
0.47188054
0.59794957
0.77977293
0.86089525
0.90211752
0.79305994
0.49516711
0.54214838
0.45619886
0.30136894
0.28564397
0.36347941
0.74352950
0.63056295
0.75209797
0.76771101
0.79852849
0.74167416
0.55637080
0.42939175
0.36131854
0.21344417
0.45933499
0.52186372
0.68862663
0.63932907
0.85155756
0.68697283
0.87994139
0.58302190
0.53978863
0.59899387
0.27852495
0.33507290
0.44933068
0.51298778
0.46261973
0.71842302
0.65702593
0.82154512
0.69756185
0.76887121
0.70097031
0.55705381
0.45825056
0.44384240
0.32657502
0.39035970
0.50241381
0.62334275
0.56177752
0.75515143
0.60687512
0.69026544
0.65091481
0.57429192
0.61292377
0.53193753
0.40856340
0.31909116
0.63593879
0.44056573
0.58089259
0.59081804
0.45168819
0.68119145
0.73540846
0.54597323
0.72937886
0.40608900
0.52271447
0.52259622
0.47713536
0.52945841
0.56425397
0.72469111
0.83957473
0.65147079
0.87367926
0.44804034
0.44138411
0.39253586
0.56936201
0.32491511
0.48457092
0.29445371
0.55940329
0.67066153
0.85563594
0.46894961
0.72969563

=== t ===
shape=(1200,)  dtype=float64
min=0.00000000  max=119.90000000  mean=59.95000000
valores:
0.00000000
0.10000000
0.20000000
0.30000000
0.40000000
0.50000000
0.60000000
0.70000000
0.80000000
0.90000000
1.00000000
1.10000000
1.20000000
1.30000000
1.40000000
1.50000000
1.60000000
1.70000000
1.80000000
1.90000000
2.00000000
2.10000000
2.20000000
2.30000000
2.40000000
2.50000000
2.60000000
2.70000000
2.80000000
2.90000000
3.00000000
3.10000000
3.20000000
3.30000000
3.40000000
3.50000000
3.60000000
3.70000000
3.80000000
3.90000000
4.00000000
4.10000000
4.20000000
4.30000000
4.40000000
4.50000000
4.60000000
4.70000000
4.80000000
4.90000000
5.00000000
5.10000000
5.20000000
5.30000000
5.40000000
5.50000000
5.60000000
5.70000000
5.80000000
5.90000000
6.00000000
6.10000000
6.20000000
6.30000000
6.40000000
6.50000000
6.60000000
6.70000000
6.80000000
6.90000000
7.00000000
7.10000000
7.20000000
7.30000000
7.40000000
7.50000000
7.60000000
7.70000000
7.80000000
7.90000000
8.00000000
8.10000000
8.20000000
8.30000000
8.40000000
8.50000000
8.60000000
8.70000000
8.80000000
8.90000000
9.00000000
9.10000000
9.20000000
9.30000000
9.40000000
9.50000000
9.60000000
9.70000000
9.80000000
9.90000000
10.00000000
10.10000000
10.20000000
10.30000000
10.40000000
10.50000000
10.60000000
10.70000000
10.80000000
10.90000000
11.00000000
11.10000000
11.20000000
11.30000000
11.40000000
11.50000000
11.60000000
11.70000000
11.80000000
11.90000000
12.00000000
12.10000000
12.20000000
12.30000000
12.40000000
12.50000000
12.60000000
12.70000000
12.80000000
12.90000000
13.00000000
13.10000000
13.20000000
13.30000000
13.40000000
13.50000000
13.60000000
13.70000000
13.80000000
13.90000000
14.00000000
14.10000000
14.20000000
14.30000000
14.40000000
14.50000000
14.60000000
14.70000000
14.80000000
14.90000000
15.00000000
15.10000000
15.20000000
15.30000000
15.40000000
15.50000000
15.60000000
15.70000000
15.80000000
15.90000000
16.00000000
16.10000000
16.20000000
16.30000000
16.40000000
16.50000000
16.60000000
16.70000000
16.80000000
16.90000000
17.00000000
17.10000000
17.20000000
17.30000000
17.40000000
17.50000000
17.60000000
17.70000000
17.80000000
17.90000000
18.00000000
18.10000000
18.20000000
18.30000000
18.40000000
18.50000000
18.60000000
18.70000000
18.80000000
18.90000000
19.00000000
19.10000000
19.20000000
19.30000000
19.40000000
19.50000000
19.60000000
19.70000000
19.80000000
19.90000000
20.00000000
20.10000000
20.20000000
20.30000000
20.40000000
20.50000000
20.60000000
20.70000000
20.80000000
20.90000000
21.00000000
21.10000000
21.20000000
21.30000000
21.40000000
21.50000000
21.60000000
21.70000000
21.80000000
21.90000000
22.00000000
22.10000000
22.20000000
22.30000000
22.40000000
22.50000000
22.60000000
22.70000000
22.80000000
22.90000000
23.00000000
23.10000000
23.20000000
23.30000000
23.40000000
23.50000000
23.60000000
23.70000000
23.80000000
23.90000000
24.00000000
24.10000000
24.20000000
24.30000000
24.40000000
24.50000000
24.60000000
24.70000000
24.80000000
24.90000000
25.00000000
25.10000000
25.20000000
25.30000000
25.40000000
25.50000000
25.60000000
25.70000000
25.80000000
25.90000000
26.00000000
26.10000000
26.20000000
26.30000000
26.40000000
26.50000000
26.60000000
26.70000000
26.80000000
26.90000000
27.00000000
27.10000000
27.20000000
27.30000000
27.40000000
27.50000000
27.60000000
27.70000000
27.80000000
27.90000000
28.00000000
28.10000000
28.20000000
28.30000000
28.40000000
28.50000000
28.60000000
28.70000000
28.80000000
28.90000000
29.00000000
29.10000000
29.20000000
29.30000000
29.40000000
29.50000000
29.60000000
29.70000000
29.80000000
29.90000000
30.00000000
30.10000000
30.20000000
30.30000000
30.40000000
30.50000000
30.60000000
30.70000000
30.80000000
30.90000000
31.00000000
31.10000000
31.20000000
31.30000000
31.40000000
31.50000000
31.60000000
31.70000000
31.80000000
31.90000000
32.00000000
32.10000000
32.20000000
32.30000000
32.40000000
32.50000000
32.60000000
32.70000000
32.80000000
32.90000000
33.00000000
33.10000000
33.20000000
33.30000000
33.40000000
33.50000000
33.60000000
33.70000000
33.80000000
33.90000000
34.00000000
34.10000000
34.20000000
34.30000000
34.40000000
34.50000000
34.60000000
34.70000000
34.80000000
34.90000000
35.00000000
35.10000000
35.20000000
35.30000000
35.40000000
35.50000000
35.60000000
35.70000000
35.80000000
35.90000000
36.00000000
36.10000000
36.20000000
36.30000000
36.40000000
36.50000000
36.60000000
36.70000000
36.80000000
36.90000000
37.00000000
37.10000000
37.20000000
37.30000000
37.40000000
37.50000000
37.60000000
37.70000000
37.80000000
37.90000000
38.00000000
38.10000000
38.20000000
38.30000000
38.40000000
38.50000000
38.60000000
38.70000000
38.80000000
38.90000000
39.00000000
39.10000000
39.20000000
39.30000000
39.40000000
39.50000000
39.60000000
39.70000000
39.80000000
39.90000000
40.00000000
40.10000000
40.20000000
40.30000000
40.40000000
40.50000000
40.60000000
40.70000000
40.80000000
40.90000000
41.00000000
41.10000000
41.20000000
41.30000000
41.40000000
41.50000000
41.60000000
41.70000000
41.80000000
41.90000000
42.00000000
42.10000000
42.20000000
42.30000000
42.40000000
42.50000000
42.60000000
42.70000000
42.80000000
42.90000000
43.00000000
43.10000000
43.20000000
43.30000000
43.40000000
43.50000000
43.60000000
43.70000000
43.80000000
43.90000000
44.00000000
44.10000000
44.20000000
44.30000000
44.40000000
44.50000000
44.60000000
44.70000000
44.80000000
44.90000000
45.00000000
45.10000000
45.20000000
45.30000000
45.40000000
45.50000000
45.60000000
45.70000000
45.80000000
45.90000000
46.00000000
46.10000000
46.20000000
46.30000000
46.40000000
46.50000000
46.60000000
46.70000000
46.80000000
46.90000000
47.00000000
47.10000000
47.20000000
47.30000000
47.40000000
47.50000000
47.60000000
47.70000000
47.80000000
47.90000000
48.00000000
48.10000000
48.20000000
48.30000000
48.40000000
48.50000000
48.60000000
48.70000000
48.80000000
48.90000000
49.00000000
49.10000000
49.20000000
49.30000000
49.40000000
49.50000000
49.60000000
49.70000000
49.80000000
49.90000000
50.00000000
50.10000000
50.20000000
50.30000000
50.40000000
50.50000000
50.60000000
50.70000000
50.80000000
50.90000000
51.00000000
51.10000000
51.20000000
51.30000000
51.40000000
51.50000000
51.60000000
51.70000000
51.80000000
51.90000000
52.00000000
52.10000000
52.20000000
52.30000000
52.40000000
52.50000000
52.60000000
52.70000000
52.80000000
52.90000000
53.00000000
53.10000000
53.20000000
53.30000000
53.40000000
53.50000000
53.60000000
53.70000000
53.80000000
53.90000000
54.00000000
54.10000000
54.20000000
54.30000000
54.40000000
54.50000000
54.60000000
54.70000000
54.80000000
54.90000000
55.00000000
55.10000000
55.20000000
55.30000000
55.40000000
55.50000000
55.60000000
55.70000000
55.80000000
55.90000000
56.00000000
56.10000000
56.20000000
56.30000000
56.40000000
56.50000000
56.60000000
56.70000000
56.80000000
56.90000000
57.00000000
57.10000000
57.20000000
57.30000000
57.40000000
57.50000000
57.60000000
57.70000000
57.80000000
57.90000000
58.00000000
58.10000000
58.20000000
58.30000000
58.40000000
58.50000000
58.60000000
58.70000000
58.80000000
58.90000000
59.00000000
59.10000000
59.20000000
59.30000000
59.40000000
59.50000000
59.60000000
59.70000000
59.80000000
59.90000000
60.00000000
60.10000000
60.20000000
60.30000000
60.40000000
60.50000000
60.60000000
60.70000000
60.80000000
60.90000000
61.00000000
61.10000000
61.20000000
61.30000000
61.40000000
61.50000000
61.60000000
61.70000000
61.80000000
61.90000000
62.00000000
62.10000000
62.20000000
62.30000000
62.40000000
62.50000000
62.60000000
62.70000000
62.80000000
62.90000000
63.00000000
63.10000000
63.20000000
63.30000000
63.40000000
63.50000000
63.60000000
63.70000000
63.80000000
63.90000000
64.00000000
64.10000000
64.20000000
64.30000000
64.40000000
64.50000000
64.60000000
64.70000000
64.80000000
64.90000000
65.00000000
65.10000000
65.20000000
65.30000000
65.40000000
65.50000000
65.60000000
65.70000000
65.80000000
65.90000000
66.00000000
66.10000000
66.20000000
66.30000000
66.40000000
66.50000000
66.60000000
66.70000000
66.80000000
66.90000000
67.00000000
67.10000000
67.20000000
67.30000000
67.40000000
67.50000000
67.60000000
67.70000000
67.80000000
67.90000000
68.00000000
68.10000000
68.20000000
68.30000000
68.40000000
68.50000000
68.60000000
68.70000000
68.80000000
68.90000000
69.00000000
69.10000000
69.20000000
69.30000000
69.40000000
69.50000000
69.60000000
69.70000000
69.80000000
69.90000000
70.00000000
70.10000000
70.20000000
70.30000000
70.40000000
70.50000000
70.60000000
70.70000000
70.80000000
70.90000000
71.00000000
71.10000000
71.20000000
71.30000000
71.40000000
71.50000000
71.60000000
71.70000000
71.80000000
71.90000000
72.00000000
72.10000000
72.20000000
72.30000000
72.40000000
72.50000000
72.60000000
72.70000000
72.80000000
72.90000000
73.00000000
73.10000000
73.20000000
73.30000000
73.40000000
73.50000000
73.60000000
73.70000000
73.80000000
73.90000000
74.00000000
74.10000000
74.20000000
74.30000000
74.40000000
74.50000000
74.60000000
74.70000000
74.80000000
74.90000000
75.00000000
75.10000000
75.20000000
75.30000000
75.40000000
75.50000000
75.60000000
75.70000000
75.80000000
75.90000000
76.00000000
76.10000000
76.20000000
76.30000000
76.40000000
76.50000000
76.60000000
76.70000000
76.80000000
76.90000000
77.00000000
77.10000000
77.20000000
77.30000000
77.40000000
77.50000000
77.60000000
77.70000000
77.80000000
77.90000000
78.00000000
78.10000000
78.20000000
78.30000000
78.40000000
78.50000000
78.60000000
78.70000000
78.80000000
78.90000000
79.00000000
79.10000000
79.20000000
79.30000000
79.40000000
79.50000000
79.60000000
79.70000000
79.80000000
79.90000000
80.00000000
80.10000000
80.20000000
80.30000000
80.40000000
80.50000000
80.60000000
80.70000000
80.80000000
80.90000000
81.00000000
81.10000000
81.20000000
81.30000000
81.40000000
81.50000000
81.60000000
81.70000000
81.80000000
81.90000000
82.00000000
82.10000000
82.20000000
82.30000000
82.40000000
82.50000000
82.60000000
82.70000000
82.80000000
82.90000000
83.00000000
83.10000000
83.20000000
83.30000000
83.40000000
83.50000000
83.60000000
83.70000000
83.80000000
83.90000000
84.00000000
84.10000000
84.20000000
84.30000000
84.40000000
84.50000000
84.60000000
84.70000000
84.80000000
84.90000000
85.00000000
85.10000000
85.20000000
85.30000000
85.40000000
85.50000000
85.60000000
85.70000000
85.80000000
85.90000000
86.00000000
86.10000000
86.20000000
86.30000000
86.40000000
86.50000000
86.60000000
86.70000000
86.80000000
86.90000000
87.00000000
87.10000000
87.20000000
87.30000000
87.40000000
87.50000000
87.60000000
87.70000000
87.80000000
87.90000000
88.00000000
88.10000000
88.20000000
88.30000000
88.40000000
88.50000000
88.60000000
88.70000000
88.80000000
88.90000000
89.00000000
89.10000000
89.20000000
89.30000000
89.40000000
89.50000000
89.60000000
89.70000000
89.80000000
89.90000000
90.00000000
90.10000000
90.20000000
90.30000000
90.40000000
90.50000000
90.60000000
90.70000000
90.80000000
90.90000000
91.00000000
91.10000000
91.20000000
91.30000000
91.40000000
91.50000000
91.60000000
91.70000000
91.80000000
91.90000000
92.00000000
92.10000000
92.20000000
92.30000000
92.40000000
92.50000000
92.60000000
92.70000000
92.80000000
92.90000000
93.00000000
93.10000000
93.20000000
93.30000000
93.40000000
93.50000000
93.60000000
93.70000000
93.80000000
93.90000000
94.00000000
94.10000000
94.20000000
94.30000000
94.40000000
94.50000000
94.60000000
94.70000000
94.80000000
94.90000000
95.00000000
95.10000000
95.20000000
95.30000000
95.40000000
95.50000000
95.60000000
95.70000000
95.80000000
95.90000000
96.00000000
96.10000000
96.20000000
96.30000000
96.40000000
96.50000000
96.60000000
96.70000000
96.80000000
96.90000000
97.00000000
97.10000000
97.20000000
97.30000000
97.40000000
97.50000000
97.60000000
97.70000000
97.80000000
97.90000000
98.00000000
98.10000000
98.20000000
98.30000000
98.40000000
98.50000000
98.60000000
98.70000000
98.80000000
98.90000000
99.00000000
99.10000000
99.20000000
99.30000000
99.40000000
99.50000000
99.60000000
99.70000000
99.80000000
99.90000000
100.00000000
100.10000000
100.20000000
100.30000000
100.40000000
100.50000000
100.60000000
100.70000000
100.80000000
100.90000000
101.00000000
101.10000000
101.20000000
101.30000000
101.40000000
101.50000000
101.60000000
101.70000000
101.80000000
101.90000000
102.00000000
102.10000000
102.20000000
102.30000000
102.40000000
102.50000000
102.60000000
102.70000000
102.80000000
102.90000000
103.00000000
103.10000000
103.20000000
103.30000000
103.40000000
103.50000000
103.60000000
103.70000000
103.80000000
103.90000000
104.00000000
104.10000000
104.20000000
104.30000000
104.40000000
104.50000000
104.60000000
104.70000000
104.80000000
104.90000000
105.00000000
105.10000000
105.20000000
105.30000000
105.40000000
105.50000000
105.60000000
105.70000000
105.80000000
105.90000000
106.00000000
106.10000000
106.20000000
106.30000000
106.40000000
106.50000000
106.60000000
106.70000000
106.80000000
106.90000000
107.00000000
107.10000000
107.20000000
107.30000000
107.40000000
107.50000000
107.60000000
107.70000000
107.80000000
107.90000000
108.00000000
108.10000000
108.20000000
108.30000000
108.40000000
108.50000000
108.60000000
108.70000000
108.80000000
108.90000000
109.00000000
109.10000000
109.20000000
109.30000000
109.40000000
109.50000000
109.60000000
109.70000000
109.80000000
109.90000000
110.00000000
110.10000000
110.20000000
110.30000000
110.40000000
110.50000000
110.60000000
110.70000000
110.80000000
110.90000000
111.00000000
111.10000000
111.20000000
111.30000000
111.40000000
111.50000000
111.60000000
111.70000000
111.80000000
111.90000000
112.00000000
112.10000000
112.20000000
112.30000000
112.40000000
112.50000000
112.60000000
112.70000000
112.80000000
112.90000000
113.00000000
113.10000000
113.20000000
113.30000000
113.40000000
113.50000000
113.60000000
113.70000000
113.80000000
113.90000000
114.00000000
114.10000000
114.20000000
114.30000000
114.40000000
114.50000000
114.60000000
114.70000000
114.80000000
114.90000000
115.00000000
115.10000000
115.20000000
115.30000000
115.40000000
115.50000000
115.60000000
115.70000000
115.80000000
115.90000000
116.00000000
116.10000000
116.20000000
116.30000000
116.40000000
116.50000000
116.60000000
116.70000000
116.80000000
116.90000000
117.00000000
117.10000000
117.20000000
117.30000000
117.40000000
117.50000000
117.60000000
117.70000000
117.80000000
117.90000000
118.00000000
118.10000000
118.20000000
118.30000000
118.40000000
118.50000000
118.60000000
118.70000000
118.80000000
118.90000000
119.00000000
119.10000000
119.20000000
119.30000000
119.40000000
119.50000000
119.60000000
119.70000000
119.80000000
119.90000000

